1 2 3 1 A1
2 1 5 1 B1
3 3 2 1 C1
4 2 1 1 D1
5 1 0 1 E1
6 3 2 1 F1
7 2 1 1 G1
8 1 4 1 H1
9 3 0 1 I1
10 2 2 1 J1
11 1 1 1 K1
12 3 5 1 L1
13 2 2 1 M1
14 1 1 1 N1
15 3 3 1 O1
16 2 1 1 P1
17 1 2 1 Q1
18 3 4 1 R1
19 2 0 1 S1
20 1 3 1 T1
21 3 1 1 U1
22 2 3 1 V1
23 1 1 1 W1
24 3 2 1 X1
25 2 4 1 Y1
26 1 1 1 Z1
27 3 6 1 A2
28 2 2 1 B2
29 1 1 1 C2
30 3 3 1 D2
31 2 1 1 E2
32 1 5 1 F2
33 3 2 1 G2
34 2 1 1 H2
35 1 4 1 I2
36 3 4 1 J2
37 2 0 1 K2
38 1 2 1 L2
39 3 1 1 M2
40 2 3 1 N2
41 1 1 1 O2
42 3 5 1 P2
43 2 2 1 Q2
44 1 3 1 R2
45 3 2 1 S2
46 2 4 1 T2
47 1 1 1 U2
48 3 6 1 V2
49 2 2 1 W2
50 1 1 1 X2
51 3 3 1 Y2
52 2 1 0
53 1 4 0
54 3 2 0
55 2 1 0
56 1 1 0
57 3 5 0
58 2 2 0
59 1 2 0
60 3 3 0
61 2 1 0
62 1 1 0
63 3 4 0
64 2 0 0
65 1 5 0
66 3 2 0
67 2 1 0
68 1 1 0
69 3 3 0
70 2 4 0
71 1 1 0
72 3 5 0
73 2 2 0
74 1 3 0
75 3 2 0
76 2 1 0
77 1 1 0
78 3 4 0
79 2 0 0
80 1 2 0
81 3 1 0
82 2 3 0
83 1 1 0
84 3 5 0
85 2 2 0
86 1 3 0
87 3 2 0
88 2 1 0